{
 "cells": [
  {
   "cell_type": "markdown",
   "id": "3ff9db5a",
   "metadata": {},
   "source": [
    "## Reading TSPLIB data"
   ]
  },
  {
   "cell_type": "markdown",
   "id": "8f329d4f",
   "metadata": {},
   "source": [
    "This notebook is for experiment with :\n",
    "    1. Methods to extracting the data from TSPLIB dataset into a usable format\n",
    "    2. Simulated annealing for TSP with QUBO and without."
   ]
  },
  {
   "cell_type": "markdown",
   "id": "d0dae755",
   "metadata": {},
   "source": [
    "#### Convert the tsp file into list"
   ]
  },
  {
   "cell_type": "code",
   "execution_count": 1,
   "id": "11b31fd4",
   "metadata": {},
   "outputs": [],
   "source": [
    "file1 = open('bays29.tsp')     #Test Dataset from Symmetric TSP\n",
    "lines_list = file1.read().splitlines()"
   ]
  },
  {
   "cell_type": "code",
   "execution_count": 2,
   "id": "b7be45c1",
   "metadata": {
    "collapsed": true
   },
   "outputs": [
    {
     "name": "stdout",
     "output_type": "stream",
     "text": [
      "['   0 107 241 190 124  80 316  76 152 157 283 133 113 297 228 129 348 276 188 150  65 341 184  67 221 169 108  45 167', ' 107   0 148 137  88 127 336 183 134  95 254 180 101 234 175 176 265 199 182  67  42 278 271 146 251 105 191 139  79', ' 241 148   0 374 171 259 509 317 217 232 491 312 280 391 412 349 422 356 355 204 182 435 417 292 424 116 337 273  77', ' 190 137 374   0 202 234 222 192 248  42 117 287  79 107  38 121 152  86  68  70 137 151 239 135 137 242 165 228 205', ' 124  88 171 202   0  61 392 202  46 160 319 112 163 322 240 232 314 287 238 155  65 366 300 175 307  57 220 121  97', '  80 127 259 234  61   0 386 141  72 167 351  55 157 331 272 226 362 296 232 164  85 375 249 147 301 118 188  60 185', ' 316 336 509 222 392 386   0 233 438 254 202 439 235 254 210 187 313 266 154 282 321 298 168 249  95 437 190 314 435', '  76 183 317 192 202 141 233   0 213 188 272 193 131 302 233  98 344 289 177 216 141 346 108  57 190 245  43  81 243', ' 152 134 217 248  46  72 438 213   0 206 365  89 209 368 286 278 360 333 284 201 111 412 321 221 353  72 266 132 111', ' 157  95 232  42 160 167 254 188 206   0 159 220  57 149  80 132 193 127 100  28  95 193 241 131 169 200 161 189 163', ' 283 254 491 117 319 351 202 272 365 159   0 404 176 106  79 161 165 141  95 187 254 103 279 215 117 359 216 308 322', ' 133 180 312 287 112  55 439 193  89 220 404   0 210 384 325 279 415 349 285 217 138 428 310 200 354 169 241 112 238', ' 113 101 280  79 163 157 235 131 209  57 176 210   0 186 117  75 231 165  81  85  92 230 184  74 150 208 104 158 206', ' 297 234 391 107 322 331 254 302 368 149 106 384 186   0  69 191  59  35 125 167 255  44 309 245 169 327 246 335 288', ' 228 175 412  38 240 272 210 233 286  80  79 325 117  69   0 122 122  56  56 108 175 113 240 176 125 280 177 266 243', ' 129 176 349 121 232 226 187  98 278 132 161 279  75 191 122   0 244 178  66 160 161 235 118  62  92 277  55 155 275', ' 348 265 422 152 314 362 313 344 360 193 165 415 231  59 122 244   0  66 178 198 286  77 362 287 228 358 299 380 319', ' 276 199 356  86 287 296 266 289 333 127 141 349 165  35  56 178  66   0 112 132 220  79 296 232 181 292 233 314 253', ' 188 182 355  68 238 232 154 177 284 100  95 285  81 125  56  66 178 112   0 128 167 169 179 120  69 283 121 213 281', ' 150  67 204  70 155 164 282 216 201  28 187 217  85 167 108 160 198 132 128   0  88 211 269 159 197 172 189 182 135', '  65  42 182 137  65  85 321 141 111  95 254 138  92 255 175 161 286 220 167  88   0 299 229 104 236 110 149  97 108', ' 341 278 435 151 366 375 298 346 412 193 103 428 230  44 113 235  77  79 169 211 299   0 353 289 213 371 290 379 332', ' 184 271 417 239 300 249 168 108 321 241 279 310 184 309 240 118 362 296 179 269 229 353   0 121 162 345  80 189 342', '  67 146 292 135 175 147 249  57 221 131 215 200  74 245 176  62 287 232 120 159 104 289 121   0 154 220  41  93 218', ' 221 251 424 137 307 301  95 190 353 169 117 354 150 169 125  92 228 181  69 197 236 213 162 154   0 352 147 247 350', ' 169 105 116 242  57 118 437 245  72 200 359 169 208 327 280 277 358 292 283 172 110 371 345 220 352   0 265 178  39', ' 108 191 337 165 220 188 190  43 266 161 216 241 104 246 177  55 299 233 121 189 149 290  80  41 147 265   0 124 263', '  45 139 273 228 121  60 314  81 132 189 308 112 158 335 266 155 380 314 213 182  97 379 189  93 247 178 124   0 199', ' 167  79  77 205  97 185 435 243 111 163 322 238 206 288 243 275 319 253 281 135 108 332 342 218 350  39 263 199   0']\n",
      "['   1    1150.0  1760.0', '   2     630.0  1660.0', '   3      40.0  2090.0', '   4     750.0  1100.0', '   5     750.0  2030.0', '   6    1030.0  2070.0', '   7    1650.0   650.0', '   8    1490.0  1630.0', '   9     790.0  2260.0', '  10     710.0  1310.0', '  11     840.0   550.0', '  12    1170.0  2300.0', '  13     970.0  1340.0', '  14     510.0   700.0', '  15     750.0   900.0', '  16    1280.0  1200.0', '  17     230.0   590.0', '  18     460.0   860.0', '  19    1040.0   950.0', '  20     590.0  1390.0', '  21     830.0  1770.0', '  22     490.0   500.0', '  23    1840.0  1240.0', '  24    1260.0  1500.0', '  25    1280.0   790.0', '  26     490.0  2130.0', '  27    1460.0  1420.0', '  28    1260.0  1910.0', '  29     360.0  1980.0']\n"
     ]
    }
   ],
   "source": [
    "distance_list = lines_list[8:37]    #29 lines for distance values of each 29x29 node pairs\n",
    "nodes_list = lines_list[38:-1]      #29 lines for the nodes coordinate values\n",
    "print(distance_list)\n",
    "print(nodes_list)"
   ]
  },
  {
   "cell_type": "markdown",
   "id": "c557ba43",
   "metadata": {},
   "source": [
    "#### Convert the Lists into 2D Matrix"
   ]
  },
  {
   "cell_type": "code",
   "execution_count": 3,
   "id": "45b02350",
   "metadata": {
    "collapsed": true
   },
   "outputs": [
    {
     "name": "stdout",
     "output_type": "stream",
     "text": [
      "[['0', '107', '241', '190', '124', '80', '316', '76', '152', '157', '283', '133', '113', '297', '228', '129', '348', '276', '188', '150', '65', '341', '184', '67', '221', '169', '108', '45', '167'], ['107', '0', '148', '137', '88', '127', '336', '183', '134', '95', '254', '180', '101', '234', '175', '176', '265', '199', '182', '67', '42', '278', '271', '146', '251', '105', '191', '139', '79'], ['241', '148', '0', '374', '171', '259', '509', '317', '217', '232', '491', '312', '280', '391', '412', '349', '422', '356', '355', '204', '182', '435', '417', '292', '424', '116', '337', '273', '77'], ['190', '137', '374', '0', '202', '234', '222', '192', '248', '42', '117', '287', '79', '107', '38', '121', '152', '86', '68', '70', '137', '151', '239', '135', '137', '242', '165', '228', '205'], ['124', '88', '171', '202', '0', '61', '392', '202', '46', '160', '319', '112', '163', '322', '240', '232', '314', '287', '238', '155', '65', '366', '300', '175', '307', '57', '220', '121', '97'], ['80', '127', '259', '234', '61', '0', '386', '141', '72', '167', '351', '55', '157', '331', '272', '226', '362', '296', '232', '164', '85', '375', '249', '147', '301', '118', '188', '60', '185'], ['316', '336', '509', '222', '392', '386', '0', '233', '438', '254', '202', '439', '235', '254', '210', '187', '313', '266', '154', '282', '321', '298', '168', '249', '95', '437', '190', '314', '435'], ['76', '183', '317', '192', '202', '141', '233', '0', '213', '188', '272', '193', '131', '302', '233', '98', '344', '289', '177', '216', '141', '346', '108', '57', '190', '245', '43', '81', '243'], ['152', '134', '217', '248', '46', '72', '438', '213', '0', '206', '365', '89', '209', '368', '286', '278', '360', '333', '284', '201', '111', '412', '321', '221', '353', '72', '266', '132', '111'], ['157', '95', '232', '42', '160', '167', '254', '188', '206', '0', '159', '220', '57', '149', '80', '132', '193', '127', '100', '28', '95', '193', '241', '131', '169', '200', '161', '189', '163'], ['283', '254', '491', '117', '319', '351', '202', '272', '365', '159', '0', '404', '176', '106', '79', '161', '165', '141', '95', '187', '254', '103', '279', '215', '117', '359', '216', '308', '322'], ['133', '180', '312', '287', '112', '55', '439', '193', '89', '220', '404', '0', '210', '384', '325', '279', '415', '349', '285', '217', '138', '428', '310', '200', '354', '169', '241', '112', '238'], ['113', '101', '280', '79', '163', '157', '235', '131', '209', '57', '176', '210', '0', '186', '117', '75', '231', '165', '81', '85', '92', '230', '184', '74', '150', '208', '104', '158', '206'], ['297', '234', '391', '107', '322', '331', '254', '302', '368', '149', '106', '384', '186', '0', '69', '191', '59', '35', '125', '167', '255', '44', '309', '245', '169', '327', '246', '335', '288'], ['228', '175', '412', '38', '240', '272', '210', '233', '286', '80', '79', '325', '117', '69', '0', '122', '122', '56', '56', '108', '175', '113', '240', '176', '125', '280', '177', '266', '243'], ['129', '176', '349', '121', '232', '226', '187', '98', '278', '132', '161', '279', '75', '191', '122', '0', '244', '178', '66', '160', '161', '235', '118', '62', '92', '277', '55', '155', '275'], ['348', '265', '422', '152', '314', '362', '313', '344', '360', '193', '165', '415', '231', '59', '122', '244', '0', '66', '178', '198', '286', '77', '362', '287', '228', '358', '299', '380', '319'], ['276', '199', '356', '86', '287', '296', '266', '289', '333', '127', '141', '349', '165', '35', '56', '178', '66', '0', '112', '132', '220', '79', '296', '232', '181', '292', '233', '314', '253'], ['188', '182', '355', '68', '238', '232', '154', '177', '284', '100', '95', '285', '81', '125', '56', '66', '178', '112', '0', '128', '167', '169', '179', '120', '69', '283', '121', '213', '281'], ['150', '67', '204', '70', '155', '164', '282', '216', '201', '28', '187', '217', '85', '167', '108', '160', '198', '132', '128', '0', '88', '211', '269', '159', '197', '172', '189', '182', '135'], ['65', '42', '182', '137', '65', '85', '321', '141', '111', '95', '254', '138', '92', '255', '175', '161', '286', '220', '167', '88', '0', '299', '229', '104', '236', '110', '149', '97', '108'], ['341', '278', '435', '151', '366', '375', '298', '346', '412', '193', '103', '428', '230', '44', '113', '235', '77', '79', '169', '211', '299', '0', '353', '289', '213', '371', '290', '379', '332'], ['184', '271', '417', '239', '300', '249', '168', '108', '321', '241', '279', '310', '184', '309', '240', '118', '362', '296', '179', '269', '229', '353', '0', '121', '162', '345', '80', '189', '342'], ['67', '146', '292', '135', '175', '147', '249', '57', '221', '131', '215', '200', '74', '245', '176', '62', '287', '232', '120', '159', '104', '289', '121', '0', '154', '220', '41', '93', '218'], ['221', '251', '424', '137', '307', '301', '95', '190', '353', '169', '117', '354', '150', '169', '125', '92', '228', '181', '69', '197', '236', '213', '162', '154', '0', '352', '147', '247', '350'], ['169', '105', '116', '242', '57', '118', '437', '245', '72', '200', '359', '169', '208', '327', '280', '277', '358', '292', '283', '172', '110', '371', '345', '220', '352', '0', '265', '178', '39'], ['108', '191', '337', '165', '220', '188', '190', '43', '266', '161', '216', '241', '104', '246', '177', '55', '299', '233', '121', '189', '149', '290', '80', '41', '147', '265', '0', '124', '263'], ['45', '139', '273', '228', '121', '60', '314', '81', '132', '189', '308', '112', '158', '335', '266', '155', '380', '314', '213', '182', '97', '379', '189', '93', '247', '178', '124', '0', '199'], ['167', '79', '77', '205', '97', '185', '435', '243', '111', '163', '322', '238', '206', '288', '243', '275', '319', '253', '281', '135', '108', '332', '342', '218', '350', '39', '263', '199', '0']]\n",
      "[['1', '1150.0', '1760.0'], ['2', '630.0', '1660.0'], ['3', '40.0', '2090.0'], ['4', '750.0', '1100.0'], ['5', '750.0', '2030.0'], ['6', '1030.0', '2070.0'], ['7', '1650.0', '650.0'], ['8', '1490.0', '1630.0'], ['9', '790.0', '2260.0'], ['10', '710.0', '1310.0'], ['11', '840.0', '550.0'], ['12', '1170.0', '2300.0'], ['13', '970.0', '1340.0'], ['14', '510.0', '700.0'], ['15', '750.0', '900.0'], ['16', '1280.0', '1200.0'], ['17', '230.0', '590.0'], ['18', '460.0', '860.0'], ['19', '1040.0', '950.0'], ['20', '590.0', '1390.0'], ['21', '830.0', '1770.0'], ['22', '490.0', '500.0'], ['23', '1840.0', '1240.0'], ['24', '1260.0', '1500.0'], ['25', '1280.0', '790.0'], ['26', '490.0', '2130.0'], ['27', '1460.0', '1420.0'], ['28', '1260.0', '1910.0'], ['29', '360.0', '1980.0']]\n"
     ]
    }
   ],
   "source": [
    "# The list containg the lines are split and null values are removed\n",
    "distance_matrix = [0 for i in range (29)]\n",
    "nodes_matrix = [0 for i in range(29)]\n",
    "for i in range(29):\n",
    "    d_row = distance_list[i].split(' ')\n",
    "    d_row = list(filter(None,d_row))\n",
    "    n_row = nodes_list[i].split(' ')\n",
    "    n_row = list(filter(None,n_row))\n",
    "    distance_matrix[i] = d_row\n",
    "    nodes_matrix[i] = n_row\n",
    "print(distance_matrix)\n",
    "print(nodes_matrix)\n",
    "    "
   ]
  },
  {
   "cell_type": "code",
   "execution_count": 4,
   "id": "25e1a4ab",
   "metadata": {
    "collapsed": true
   },
   "outputs": [
    {
     "name": "stderr",
     "output_type": "stream",
     "text": [
      "C:\\Users\\HP\\AppData\\Local\\Temp\\ipykernel_14124\\2039403970.py:8: DeprecationWarning: `np.float` is a deprecated alias for the builtin `float`. To silence this warning, use `float` by itself. Doing this will not modify any behavior and is safe. If you specifically wanted the numpy scalar type, use `np.float64` here.\n",
      "Deprecated in NumPy 1.20; for more details and guidance: https://numpy.org/devdocs/release/1.20.0-notes.html#deprecations\n",
      "  distance_matrix = distance_matrix.astype(np.float)      # The elements of array were of string type\n",
      "C:\\Users\\HP\\AppData\\Local\\Temp\\ipykernel_14124\\2039403970.py:9: DeprecationWarning: `np.float` is a deprecated alias for the builtin `float`. To silence this warning, use `float` by itself. Doing this will not modify any behavior and is safe. If you specifically wanted the numpy scalar type, use `np.float64` here.\n",
      "Deprecated in NumPy 1.20; for more details and guidance: https://numpy.org/devdocs/release/1.20.0-notes.html#deprecations\n",
      "  nodes_matrix = nodes_matrix.astype(np.float)            # So we convert them to float\n"
     ]
    }
   ],
   "source": [
    "# reshaping the matrices\n",
    "import numpy as np\n",
    "#Convert the lists to numpy arrays\n",
    "distance_matrix = np.array(distance_matrix)\n",
    "nodes_matrix = np.array(nodes_matrix)\n",
    "distance_matrix = distance_matrix.reshape(29,29)        # Re-shape\n",
    "nodes_matrix = nodes_matrix.reshape(29,3)               # Re-shape\n",
    "distance_matrix = distance_matrix.astype(np.float)      # The elements of array were of string type\n",
    "nodes_matrix = nodes_matrix.astype(np.float)            # So we convert them to float"
   ]
  },
  {
   "cell_type": "code",
   "execution_count": 5,
   "id": "68d1cc50",
   "metadata": {
    "collapsed": true
   },
   "outputs": [
    {
     "name": "stdout",
     "output_type": "stream",
     "text": [
      "[[  0. 107. 241. 190. 124.  80. 316.  76. 152. 157. 283. 133. 113. 297.\n",
      "  228. 129. 348. 276. 188. 150.  65. 341. 184.  67. 221. 169. 108.  45.\n",
      "  167.]\n",
      " [107.   0. 148. 137.  88. 127. 336. 183. 134.  95. 254. 180. 101. 234.\n",
      "  175. 176. 265. 199. 182.  67.  42. 278. 271. 146. 251. 105. 191. 139.\n",
      "   79.]\n",
      " [241. 148.   0. 374. 171. 259. 509. 317. 217. 232. 491. 312. 280. 391.\n",
      "  412. 349. 422. 356. 355. 204. 182. 435. 417. 292. 424. 116. 337. 273.\n",
      "   77.]\n",
      " [190. 137. 374.   0. 202. 234. 222. 192. 248.  42. 117. 287.  79. 107.\n",
      "   38. 121. 152.  86.  68.  70. 137. 151. 239. 135. 137. 242. 165. 228.\n",
      "  205.]\n",
      " [124.  88. 171. 202.   0.  61. 392. 202.  46. 160. 319. 112. 163. 322.\n",
      "  240. 232. 314. 287. 238. 155.  65. 366. 300. 175. 307.  57. 220. 121.\n",
      "   97.]\n",
      " [ 80. 127. 259. 234.  61.   0. 386. 141.  72. 167. 351.  55. 157. 331.\n",
      "  272. 226. 362. 296. 232. 164.  85. 375. 249. 147. 301. 118. 188.  60.\n",
      "  185.]\n",
      " [316. 336. 509. 222. 392. 386.   0. 233. 438. 254. 202. 439. 235. 254.\n",
      "  210. 187. 313. 266. 154. 282. 321. 298. 168. 249.  95. 437. 190. 314.\n",
      "  435.]\n",
      " [ 76. 183. 317. 192. 202. 141. 233.   0. 213. 188. 272. 193. 131. 302.\n",
      "  233.  98. 344. 289. 177. 216. 141. 346. 108.  57. 190. 245.  43.  81.\n",
      "  243.]\n",
      " [152. 134. 217. 248.  46.  72. 438. 213.   0. 206. 365.  89. 209. 368.\n",
      "  286. 278. 360. 333. 284. 201. 111. 412. 321. 221. 353.  72. 266. 132.\n",
      "  111.]\n",
      " [157.  95. 232.  42. 160. 167. 254. 188. 206.   0. 159. 220.  57. 149.\n",
      "   80. 132. 193. 127. 100.  28.  95. 193. 241. 131. 169. 200. 161. 189.\n",
      "  163.]\n",
      " [283. 254. 491. 117. 319. 351. 202. 272. 365. 159.   0. 404. 176. 106.\n",
      "   79. 161. 165. 141.  95. 187. 254. 103. 279. 215. 117. 359. 216. 308.\n",
      "  322.]\n",
      " [133. 180. 312. 287. 112.  55. 439. 193.  89. 220. 404.   0. 210. 384.\n",
      "  325. 279. 415. 349. 285. 217. 138. 428. 310. 200. 354. 169. 241. 112.\n",
      "  238.]\n",
      " [113. 101. 280.  79. 163. 157. 235. 131. 209.  57. 176. 210.   0. 186.\n",
      "  117.  75. 231. 165.  81.  85.  92. 230. 184.  74. 150. 208. 104. 158.\n",
      "  206.]\n",
      " [297. 234. 391. 107. 322. 331. 254. 302. 368. 149. 106. 384. 186.   0.\n",
      "   69. 191.  59.  35. 125. 167. 255.  44. 309. 245. 169. 327. 246. 335.\n",
      "  288.]\n",
      " [228. 175. 412.  38. 240. 272. 210. 233. 286.  80.  79. 325. 117.  69.\n",
      "    0. 122. 122.  56.  56. 108. 175. 113. 240. 176. 125. 280. 177. 266.\n",
      "  243.]\n",
      " [129. 176. 349. 121. 232. 226. 187.  98. 278. 132. 161. 279.  75. 191.\n",
      "  122.   0. 244. 178.  66. 160. 161. 235. 118.  62.  92. 277.  55. 155.\n",
      "  275.]\n",
      " [348. 265. 422. 152. 314. 362. 313. 344. 360. 193. 165. 415. 231.  59.\n",
      "  122. 244.   0.  66. 178. 198. 286.  77. 362. 287. 228. 358. 299. 380.\n",
      "  319.]\n",
      " [276. 199. 356.  86. 287. 296. 266. 289. 333. 127. 141. 349. 165.  35.\n",
      "   56. 178.  66.   0. 112. 132. 220.  79. 296. 232. 181. 292. 233. 314.\n",
      "  253.]\n",
      " [188. 182. 355.  68. 238. 232. 154. 177. 284. 100.  95. 285.  81. 125.\n",
      "   56.  66. 178. 112.   0. 128. 167. 169. 179. 120.  69. 283. 121. 213.\n",
      "  281.]\n",
      " [150.  67. 204.  70. 155. 164. 282. 216. 201.  28. 187. 217.  85. 167.\n",
      "  108. 160. 198. 132. 128.   0.  88. 211. 269. 159. 197. 172. 189. 182.\n",
      "  135.]\n",
      " [ 65.  42. 182. 137.  65.  85. 321. 141. 111.  95. 254. 138.  92. 255.\n",
      "  175. 161. 286. 220. 167.  88.   0. 299. 229. 104. 236. 110. 149.  97.\n",
      "  108.]\n",
      " [341. 278. 435. 151. 366. 375. 298. 346. 412. 193. 103. 428. 230.  44.\n",
      "  113. 235.  77.  79. 169. 211. 299.   0. 353. 289. 213. 371. 290. 379.\n",
      "  332.]\n",
      " [184. 271. 417. 239. 300. 249. 168. 108. 321. 241. 279. 310. 184. 309.\n",
      "  240. 118. 362. 296. 179. 269. 229. 353.   0. 121. 162. 345.  80. 189.\n",
      "  342.]\n",
      " [ 67. 146. 292. 135. 175. 147. 249.  57. 221. 131. 215. 200.  74. 245.\n",
      "  176.  62. 287. 232. 120. 159. 104. 289. 121.   0. 154. 220.  41.  93.\n",
      "  218.]\n",
      " [221. 251. 424. 137. 307. 301.  95. 190. 353. 169. 117. 354. 150. 169.\n",
      "  125.  92. 228. 181.  69. 197. 236. 213. 162. 154.   0. 352. 147. 247.\n",
      "  350.]\n",
      " [169. 105. 116. 242.  57. 118. 437. 245.  72. 200. 359. 169. 208. 327.\n",
      "  280. 277. 358. 292. 283. 172. 110. 371. 345. 220. 352.   0. 265. 178.\n",
      "   39.]\n",
      " [108. 191. 337. 165. 220. 188. 190.  43. 266. 161. 216. 241. 104. 246.\n",
      "  177.  55. 299. 233. 121. 189. 149. 290.  80.  41. 147. 265.   0. 124.\n",
      "  263.]\n",
      " [ 45. 139. 273. 228. 121.  60. 314.  81. 132. 189. 308. 112. 158. 335.\n",
      "  266. 155. 380. 314. 213. 182.  97. 379. 189.  93. 247. 178. 124.   0.\n",
      "  199.]\n",
      " [167.  79.  77. 205.  97. 185. 435. 243. 111. 163. 322. 238. 206. 288.\n",
      "  243. 275. 319. 253. 281. 135. 108. 332. 342. 218. 350.  39. 263. 199.\n",
      "    0.]]\n",
      "[[1.00e+00 1.15e+03 1.76e+03]\n",
      " [2.00e+00 6.30e+02 1.66e+03]\n",
      " [3.00e+00 4.00e+01 2.09e+03]\n",
      " [4.00e+00 7.50e+02 1.10e+03]\n",
      " [5.00e+00 7.50e+02 2.03e+03]\n",
      " [6.00e+00 1.03e+03 2.07e+03]\n",
      " [7.00e+00 1.65e+03 6.50e+02]\n",
      " [8.00e+00 1.49e+03 1.63e+03]\n",
      " [9.00e+00 7.90e+02 2.26e+03]\n",
      " [1.00e+01 7.10e+02 1.31e+03]\n",
      " [1.10e+01 8.40e+02 5.50e+02]\n",
      " [1.20e+01 1.17e+03 2.30e+03]\n",
      " [1.30e+01 9.70e+02 1.34e+03]\n",
      " [1.40e+01 5.10e+02 7.00e+02]\n",
      " [1.50e+01 7.50e+02 9.00e+02]\n",
      " [1.60e+01 1.28e+03 1.20e+03]\n",
      " [1.70e+01 2.30e+02 5.90e+02]\n",
      " [1.80e+01 4.60e+02 8.60e+02]\n",
      " [1.90e+01 1.04e+03 9.50e+02]\n",
      " [2.00e+01 5.90e+02 1.39e+03]\n",
      " [2.10e+01 8.30e+02 1.77e+03]\n",
      " [2.20e+01 4.90e+02 5.00e+02]\n",
      " [2.30e+01 1.84e+03 1.24e+03]\n",
      " [2.40e+01 1.26e+03 1.50e+03]\n",
      " [2.50e+01 1.28e+03 7.90e+02]\n",
      " [2.60e+01 4.90e+02 2.13e+03]\n",
      " [2.70e+01 1.46e+03 1.42e+03]\n",
      " [2.80e+01 1.26e+03 1.91e+03]\n",
      " [2.90e+01 3.60e+02 1.98e+03]]\n"
     ]
    }
   ],
   "source": [
    "# check the matrices\n",
    "print(distance_matrix)\n",
    "print(nodes_matrix)"
   ]
  },
  {
   "cell_type": "markdown",
   "id": "1fa0d057",
   "metadata": {},
   "source": [
    "## TSP to QUBO\n",
    "#### Custom function for QUBO Formulation compatible with dwave SimulatedAnnealingSampler\n",
    "#### parts of dimod are getting deprecated so let us use dwave-neal instead"
   ]
  },
  {
   "cell_type": "code",
   "execution_count": 35,
   "id": "4a5b6f90",
   "metadata": {
    "collapsed": true
   },
   "outputs": [
    {
     "name": "stdout",
     "output_type": "stream",
     "text": [
      "{(0, 0): 0.0, (0, 1): 2672.0, (0, 2): 2404.0, (0, 3): 2506.0, (0, 4): 2638.0, (0, 5): 2726.0, (0, 6): 2254.0, (0, 7): 2734.0, (0, 8): 2582.0, (0, 9): 2572.0, (1, 0): 2496.0, (1, 1): 0.0, (1, 2): 2414.0, (1, 3): 2436.0, (1, 4): 2534.0, (1, 5): 2456.0, (1, 6): 2038.0, (1, 7): 2344.0, (1, 8): 2442.0, (1, 9): 2520.0, (2, 0): 4454.0, (2, 1): 4640.0, (2, 2): 0.0, (2, 3): 4188.0, (2, 4): 4594.0, (2, 5): 4418.0, (2, 6): 3918.0, (2, 7): 4302.0, (2, 8): 4502.0, (2, 9): 4472.0, (3, 0): 3302.0, (3, 1): 3408.0, (3, 2): 2934.0, (3, 3): 0.0, (3, 4): 3278.0, (3, 5): 3214.0, (3, 6): 3238.0, (3, 7): 3298.0, (3, 8): 3186.0, (3, 9): 3598.0, (4, 0): 2644.0, (4, 1): 2716.0, (4, 2): 2550.0, (4, 3): 2488.0, (4, 4): 0.0, (4, 5): 2770.0, (4, 6): 2108.0, (4, 7): 2488.0, (4, 8): 2800.0, (4, 9): 2572.0, (5, 0): 2894.0, (5, 1): 2800.0, (5, 2): 2536.0, (5, 3): 2586.0, (5, 4): 2932.0, (5, 5): 0.0, (5, 6): 2282.0, (5, 7): 2772.0, (5, 8): 2910.0, (5, 9): 2720.0, (6, 0): 5540.0, (6, 1): 5500.0, (6, 2): 5154.0, (6, 3): 5728.0, (6, 4): 5388.0, (6, 5): 5400.0, (6, 6): 0.0, (6, 7): 5706.0, (6, 8): 5296.0, (6, 9): 5664.0, (7, 0): 3338.0, (7, 1): 3124.0, (7, 2): 2856.0, (7, 3): 3106.0, (7, 4): 3086.0, (7, 5): 3208.0, (7, 6): 3024.0, (7, 7): 0.0, (7, 8): 3064.0, (7, 9): 3114.0, (8, 0): 3148.0, (8, 1): 3184.0, (8, 2): 3018.0, (8, 3): 2956.0, (8, 4): 3360.0, (8, 5): 3308.0, (8, 6): 2576.0, (8, 7): 3026.0, (8, 8): 0.0, (8, 9): 3040.0, (9, 0): 2688.0, (9, 1): 2812.0, (9, 2): 2538.0, (9, 3): 2918.0, (9, 4): 2682.0, (9, 5): 2668.0, (9, 6): 2494.0, (9, 7): 2626.0, (9, 8): 2590.0, (9, 9): 0.0}\n",
      "Binary Quadratic Model:\n",
      "1 -> 0: 5168.0\n",
      "2 -> 0: 6858.0\n",
      "2 -> 1: 7054.0\n",
      "3 -> 0: 5808.0\n",
      "3 -> 1: 5844.0\n",
      "3 -> 2: 7122.0\n",
      "4 -> 0: 5282.0\n",
      "4 -> 1: 5250.0\n",
      "4 -> 2: 7144.0\n",
      "4 -> 3: 5766.0\n",
      "5 -> 0: 5620.0\n",
      "5 -> 1: 5256.0\n",
      "5 -> 2: 6954.0\n",
      "5 -> 3: 5800.0\n",
      "5 -> 4: 5702.0\n",
      "6 -> 0: 7794.0\n",
      "6 -> 1: 7538.0\n",
      "6 -> 2: 9072.0\n",
      "6 -> 3: 8966.0\n",
      "6 -> 4: 7496.0\n",
      "6 -> 5: 7682.0\n",
      "7 -> 0: 6072.0\n",
      "7 -> 1: 5468.0\n",
      "7 -> 2: 7158.0\n",
      "7 -> 3: 6404.0\n",
      "7 -> 4: 5574.0\n",
      "7 -> 5: 5980.0\n",
      "7 -> 6: 8730.0\n",
      "8 -> 0: 5730.0\n",
      "8 -> 1: 5626.0\n",
      "8 -> 2: 7520.0\n",
      "8 -> 3: 6142.0\n",
      "8 -> 4: 6160.0\n",
      "8 -> 5: 6218.0\n",
      "8 -> 6: 7872.0\n",
      "8 -> 7: 6090.0\n",
      "9 -> 0: 5260.0\n",
      "9 -> 1: 5332.0\n",
      "9 -> 2: 7010.0\n",
      "9 -> 3: 6516.0\n",
      "9 -> 4: 5254.0\n",
      "9 -> 5: 5388.0\n",
      "9 -> 6: 8158.0\n",
      "9 -> 7: 5740.0\n",
      "9 -> 8: 5630.0\n",
      "0: 0.0\n",
      "1: 0.0\n",
      "2: 0.0\n",
      "3: 0.0\n",
      "4: 0.0\n",
      "5: 0.0\n",
      "6: 0.0\n",
      "7: 0.0\n",
      "8: 0.0\n",
      "9: 0.0\n"
     ]
    }
   ],
   "source": [
    "import dimod\n",
    "\n",
    "def tsp_qubo(distance_matrix):\n",
    "    num_cities = len(distance_matrix)\n",
    "    qubo = {}\n",
    "\n",
    "    # Variable definition\n",
    "    for i in range(num_cities):\n",
    "        for j in range(num_cities):\n",
    "            if i == j:\n",
    "                qubo[(i, j)] = distance_matrix[i][j]\n",
    "            else:\n",
    "                qubo[(i, j)] = 0.0\n",
    "\n",
    "    # Constraint: Each city should be visited exactly once\n",
    "    for i in range(num_cities):\n",
    "        for j in range(num_cities):\n",
    "            if i != j:\n",
    "                for k in range(num_cities):\n",
    "                    if k != i and k != j:\n",
    "                        qubo[(i, j)] += 2 * distance_matrix[i][k]\n",
    "\n",
    "    return qubo\n",
    "\n",
    "\n",
    "# FOR TESTING PURPOSES==============================================================================\n",
    "\n",
    "# The distance matrix of the first 10 nodes\n",
    "test_matrix = distance_matrix[:10 , :10]     \n",
    "\n",
    "# Formulate TSP as a QUBO problem\n",
    "qubo_matrix = tsp_qubo(test_matrix)\n",
    "\n",
    "# Create a BQM object for the QUBO problem\n",
    "bqm = dimod.BinaryQuadraticModel.from_qubo(qubo_matrix)\n",
    "\n",
    "# Print the QUBO matrix\n",
    "elist = [0 for i in range(29)]\n",
    "print(qubo_matrix)\n",
    "print(\"Binary Quadratic Model:\")\n",
    "for (i, j), value in bqm.quadratic.items():\n",
    "    print(f\"{i} -> {j}: {value}\")\n",
    "for i, bias in bqm.linear.items():\n",
    "    print(f\"{i}: {bias}\")\n"
   ]
  },
  {
   "cell_type": "markdown",
   "id": "656a4d75",
   "metadata": {},
   "source": [
    "## Solve QUBO using SA"
   ]
  },
  {
   "cell_type": "code",
   "execution_count": 36,
   "id": "7f94abb7",
   "metadata": {},
   "outputs": [],
   "source": [
    "from dwave.samplers import SimulatedAnnealingSampler\n",
    "\n",
    "sampler = SimulatedAnnealingSampler()\n",
    "sampleset = sampler.sample(bqm, beta_range=[.1, 4.2], num_reads=100, beta_schedule_type='linear')"
   ]
  },
  {
   "cell_type": "code",
   "execution_count": 37,
   "id": "6b742809",
   "metadata": {
    "collapsed": true
   },
   "outputs": [
    {
     "name": "stdout",
     "output_type": "stream",
     "text": [
      "    0  1  2  3  4  5  6  7  8  9 energy num_oc.\n",
      "0   0  0  0  0  0  0  0  0  1  0    0.0       1\n",
      "1   0  0  0  0  0  0  1  0  0  0    0.0       1\n",
      "2   0  0  0  1  0  0  0  0  0  0    0.0       1\n",
      "3   0  0  0  0  0  0  0  0  1  0    0.0       1\n",
      "4   0  0  0  0  0  0  0  1  0  0    0.0       1\n",
      "5   0  0  0  0  0  0  0  0  1  0    0.0       1\n",
      "6   0  0  0  0  0  0  1  0  0  0    0.0       1\n",
      "7   0  0  0  0  0  0  0  1  0  0    0.0       1\n",
      "8   0  0  0  0  0  0  0  0  1  0    0.0       1\n",
      "9   0  0  0  0  0  0  0  0  1  0    0.0       1\n",
      "10  0  0  0  0  0  0  0  0  1  0    0.0       1\n",
      "11  0  0  0  0  1  0  0  0  0  0    0.0       1\n",
      "12  0  0  0  0  1  0  0  0  0  0    0.0       1\n",
      "13  0  0  0  0  0  0  0  1  0  0    0.0       1\n",
      "14  0  0  0  0  0  0  0  1  0  0    0.0       1\n",
      "15  0  0  0  0  0  0  1  0  0  0    0.0       1\n",
      "16  0  0  0  0  0  1  0  0  0  0    0.0       1\n",
      "17  0  0  0  0  0  0  0  0  1  0    0.0       1\n",
      "18  0  0  0  0  0  0  0  1  0  0    0.0       1\n",
      "19  0  0  0  0  0  0  0  0  1  0    0.0       1\n",
      "20  0  0  0  0  0  0  0  1  0  0    0.0       1\n",
      "21  0  0  0  0  0  0  0  0  1  0    0.0       1\n",
      "22  0  0  0  0  0  0  0  0  1  0    0.0       1\n",
      "23  0  0  0  0  0  0  1  0  0  0    0.0       1\n",
      "24  0  0  0  0  0  0  1  0  0  0    0.0       1\n",
      "25  0  0  0  0  0  1  0  0  0  0    0.0       1\n",
      "26  0  0  0  0  0  0  0  1  0  0    0.0       1\n",
      "27  0  0  0  0  0  0  1  0  0  0    0.0       1\n",
      "28  0  0  0  0  0  0  0  1  0  0    0.0       1\n",
      "29  0  0  0  0  0  0  0  0  1  0    0.0       1\n",
      "30  0  0  0  0  0  0  0  1  0  0    0.0       1\n",
      "31  0  0  0  0  0  0  0  0  1  0    0.0       1\n",
      "32  0  0  0  0  0  0  1  0  0  0    0.0       1\n",
      "33  0  0  0  0  0  0  0  1  0  0    0.0       1\n",
      "34  0  0  0  0  0  0  0  1  0  0    0.0       1\n",
      "35  0  0  0  0  0  0  0  0  1  0    0.0       1\n",
      "36  0  0  0  0  0  0  1  0  0  0    0.0       1\n",
      "37  0  0  0  0  0  0  0  0  1  0    0.0       1\n",
      "38  0  0  0  0  0  0  0  1  0  0    0.0       1\n",
      "39  0  0  0  0  1  0  0  0  0  0    0.0       1\n",
      "40  0  0  0  0  0  0  1  0  0  0    0.0       1\n",
      "41  0  0  0  0  0  0  0  0  1  0    0.0       1\n",
      "42  0  0  0  0  0  1  0  0  0  0    0.0       1\n",
      "43  0  0  0  0  0  0  1  0  0  0    0.0       1\n",
      "44  0  0  0  0  0  0  0  0  1  0    0.0       1\n",
      "45  0  0  0  0  0  0  1  0  0  0    0.0       1\n",
      "46  0  0  0  0  0  0  1  0  0  0    0.0       1\n",
      "47  0  0  0  0  0  0  1  0  0  0    0.0       1\n",
      "48  0  0  0  0  0  1  0  0  0  0    0.0       1\n",
      "49  0  0  0  0  0  0  1  0  0  0    0.0       1\n",
      "50  0  0  0  0  0  0  0  0  1  0    0.0       1\n",
      "51  0  0  0  0  0  1  0  0  0  0    0.0       1\n",
      "52  0  0  0  0  0  0  0  0  1  0    0.0       1\n",
      "53  0  0  0  0  0  0  0  0  1  0    0.0       1\n",
      "54  0  0  0  0  0  0  0  0  1  0    0.0       1\n",
      "55  0  0  0  0  0  0  0  0  1  0    0.0       1\n",
      "56  0  0  0  0  0  0  1  0  0  0    0.0       1\n",
      "57  0  0  0  0  0  0  0  1  0  0    0.0       1\n",
      "58  0  0  0  0  0  0  0  0  1  0    0.0       1\n",
      "59  0  0  0  0  1  0  0  0  0  0    0.0       1\n",
      "60  0  0  0  0  0  0  0  0  0  0    0.0       1\n",
      "61  0  0  0  0  0  0  1  0  0  0    0.0       1\n",
      "62  0  0  0  0  0  0  0  0  1  0    0.0       1\n",
      "63  0  0  0  0  0  0  0  1  0  0    0.0       1\n",
      "64  0  0  0  0  0  0  0  1  0  0    0.0       1\n",
      "65  0  0  0  0  0  0  0  0  1  0    0.0       1\n",
      "66  0  0  0  0  0  0  0  0  1  0    0.0       1\n",
      "67  0  0  0  0  0  0  0  1  0  0    0.0       1\n",
      "68  0  0  0  0  0  0  0  0  1  0    0.0       1\n",
      "69  0  0  0  0  0  0  0  0  1  0    0.0       1\n",
      "70  0  0  0  0  0  0  0  0  1  0    0.0       1\n",
      "71  0  0  0  0  0  0  0  1  0  0    0.0       1\n",
      "72  0  0  0  0  0  0  0  0  1  0    0.0       1\n",
      "73  0  0  0  0  0  0  1  0  0  0    0.0       1\n",
      "74  0  0  0  0  0  0  1  0  0  0    0.0       1\n",
      "75  0  0  0  0  0  0  0  0  1  0    0.0       1\n",
      "76  0  0  0  0  0  0  0  0  1  0    0.0       1\n",
      "77  0  0  0  0  0  0  0  0  1  0    0.0       1\n",
      "78  0  0  0  0  0  0  0  0  1  0    0.0       1\n",
      "79  0  0  0  0  0  1  0  0  0  0    0.0       1\n",
      "80  0  0  0  0  0  0  0  1  0  0    0.0       1\n",
      "81  0  0  0  0  0  0  0  0  1  0    0.0       1\n",
      "82  0  0  0  0  0  0  0  0  1  0    0.0       1\n",
      "83  0  0  0  0  0  0  0  0  1  0    0.0       1\n",
      "84  0  0  0  0  0  0  0  0  1  0    0.0       1\n",
      "85  0  0  0  0  0  0  0  0  1  0    0.0       1\n",
      "86  0  0  0  0  0  0  0  0  1  0    0.0       1\n",
      "87  0  0  0  0  0  0  0  0  1  0    0.0       1\n",
      "88  0  0  0  0  0  0  0  1  0  0    0.0       1\n",
      "89  0  0  0  0  0  0  0  0  1  0    0.0       1\n",
      "90  0  0  0  0  0  0  0  0  1  0    0.0       1\n",
      "91  0  0  0  0  0  0  0  0  1  0    0.0       1\n",
      "92  0  0  0  0  0  0  0  0  1  0    0.0       1\n",
      "93  0  0  0  0  0  0  0  0  1  0    0.0       1\n",
      "94  0  0  0  0  0  1  0  0  0  0    0.0       1\n",
      "95  0  0  0  0  0  0  0  0  1  0    0.0       1\n",
      "96  0  0  0  0  0  0  0  0  1  0    0.0       1\n",
      "97  0  0  0  0  0  0  0  1  0  0    0.0       1\n",
      "98  0  0  0  0  0  0  0  1  0  0    0.0       1\n",
      "99  0  0  0  0  0  0  0  1  0  0    0.0       1\n",
      "['BINARY', 100 rows, 100 samples, 10 variables]\n"
     ]
    }
   ],
   "source": [
    "print(sampleset)"
   ]
  },
  {
   "cell_type": "markdown",
   "id": "e086a8e3",
   "metadata": {},
   "source": [
    "## QUBO formulation using PyQUBO\n",
    "### Docs: https://pyqubo.readthedocs.io/en/latest/index.html\n",
    "<img src=\"https://raw.githubusercontent.com/recruit-communications/pyqubo/master/images/benchmark.svg\" /> \n",
    "\n",
    "#### PyQUBO has been benchmarked on TSP problems and has a significant execution time advantage and is highly optimised.\n",
    "\n",
    "#### Reference for code : https://github.com/recruit-communications/pyqubo/blob/master/notebooks/TSP.ipynb"
   ]
  },
  {
   "cell_type": "code",
   "execution_count": null,
   "id": "5606f6e1",
   "metadata": {},
   "outputs": [],
   "source": [
    "%matplotlib inline\n",
    "from pyqubo import Array, Placeholder, Constraint\n",
    "import matplotlib.pyplot as plt\n",
    "import networkx as nx"
   ]
  },
  {
   "cell_type": "code",
   "execution_count": null,
   "id": "5c0f1f6c",
   "metadata": {},
   "outputs": [],
   "source": [
    "def plot_city(cities, sol=None):\n",
    "    n_city = len(cities)\n",
    "    cities_dict = dict(cities)\n",
    "    G = nx.Graph()\n",
    "    for city in cities_dict:\n",
    "        G.add_node(city)\n",
    "        \n",
    "    # draw path\n",
    "    if sol:\n",
    "        city_order = []\n",
    "        for i in range(n_city):\n",
    "            for j in range(n_city):\n",
    "                if sol.array('c', (i, j)) == 1:\n",
    "                    city_order.append(j)\n",
    "        for i in range(n_city):\n",
    "            city_index1 = city_order[i]\n",
    "            city_index2 = city_order[(i+1) % n_city]\n",
    "            G.add_edge(cities[city_index1][0], cities[city_index2][0])\n",
    "\n",
    "    plt.figure(figsize=(3,3))\n",
    "    pos = nx.spring_layout(G)\n",
    "    nx.draw_networkx(G, cities_dict)\n",
    "    plt.axis(\"off\")\n",
    "    plt.show()\n",
    "\n",
    "def dist(i, j, cities):\n",
    "    pos_i = cities[i][1]\n",
    "    pos_j = cities[j][1]\n",
    "    return np.sqrt((pos_i[0] - pos_j[0])**2 + (pos_i[1] - pos_j[1])**2)"
   ]
  },
  {
   "cell_type": "markdown",
   "id": "b5a3230e",
   "metadata": {},
   "source": [
    "### NOTE TO SELF: Insert in the following code instance from the dataset"
   ]
  },
  {
   "cell_type": "code",
   "execution_count": null,
   "id": "e36abb99",
   "metadata": {},
   "outputs": [],
   "source": [
    "# City names and coordinates list[(\"name\", (x, y))]\n",
    "cities = [\n",
    "    (\"a\", (0, 0)),\n",
    "    (\"b\", (1, 3)),\n",
    "    (\"c\", (3, 2)),\n",
    "    (\"d\", (2, 1)),\n",
    "    (\"e\", (0, 1))\n",
    "]\n",
    "plot_city(cities)"
   ]
  },
  {
   "cell_type": "markdown",
   "id": "ad467f3a",
   "metadata": {},
   "source": [
    "Prepare binary vector with bit (𝑖,𝑗) representing to visit 𝑗 city at time 𝑖"
   ]
  },
  {
   "cell_type": "code",
   "execution_count": null,
   "id": "dc45d7c2",
   "metadata": {},
   "outputs": [],
   "source": [
    "n_city = len(cities)\n",
    "x = Array.create('c', (n_city, n_city), 'BINARY')"
   ]
  },
  {
   "cell_type": "code",
   "execution_count": null,
   "id": "f3f017be",
   "metadata": {},
   "outputs": [],
   "source": [
    "# Constraint not to visit more than two cities at the same time.\n",
    "time_const = 0.0\n",
    "for i in range(n_city):\n",
    "    # If you wrap the hamiltonian by Const(...), this part is recognized as constraint\n",
    "    time_const += Constraint((sum(x[i, j] for j in range(n_city)) - 1)**2, label=\"time{}\".format(i))\n",
    "\n",
    "# Constraint not to visit the same city more than twice.\n",
    "city_const = 0.0\n",
    "for j in range(n_city):\n",
    "    city_const += Constraint((sum(x[i, j] for i in range(n_city)) - 1)**2, label=\"city{}\".format(j))"
   ]
  },
  {
   "cell_type": "code",
   "execution_count": null,
   "id": "73b1e109",
   "metadata": {},
   "outputs": [],
   "source": [
    "# distance of route\n",
    "distance = 0.0\n",
    "for i in range(n_city):\n",
    "    for j in range(n_city):\n",
    "        for k in range(n_city):\n",
    "            d_ij = dist(i, j, cities)\n",
    "            distance += d_ij * x[k, i] * x[(k+1)%n_city, j]"
   ]
  },
  {
   "cell_type": "code",
   "execution_count": null,
   "id": "f7d0078e",
   "metadata": {},
   "outputs": [],
   "source": [
    "# Construct hamiltonian\n",
    "A = Placeholder(\"A\")\n",
    "H = distance + A * (time_const + city_const)"
   ]
  },
  {
   "cell_type": "code",
   "execution_count": null,
   "id": "a14c9098",
   "metadata": {},
   "outputs": [],
   "source": [
    "# Compile model\n",
    "model = H.compile()"
   ]
  },
  {
   "cell_type": "code",
   "execution_count": null,
   "id": "1ed4e0e5",
   "metadata": {},
   "outputs": [],
   "source": [
    "# Generate QUBO\n",
    "feed_dict = {'A': 4.0}\n",
    "bqm = model.to_bqm(feed_dict=feed_dict)"
   ]
  },
  {
   "cell_type": "code",
   "execution_count": null,
   "id": "51d4413c",
   "metadata": {},
   "outputs": [],
   "source": [
    "import neal\n",
    "sa = neal.SimulatedAnnealingSampler()\n",
    "sampleset = sa.sample(bqm, num_reads=100, num_sweeps=100)\n",
    "\n",
    "# Decode solution\n",
    "decoded_samples = model.decode_sampleset(sampleset, feed_dict=feed_dict)\n",
    "best_sample = min(decoded_samples, key=lambda x: x.energy)\n",
    "num_broken = len(best_sample.constraints(only_broken=True))\n",
    "print(\"number of broken constarint = {}\".format(num_broken))"
   ]
  },
  {
   "cell_type": "code",
   "execution_count": null,
   "id": "bb25b34e",
   "metadata": {},
   "outputs": [],
   "source": [
    "if num_broken == 0:\n",
    "    plot_city(cities, best_sample)"
   ]
  },
  {
   "cell_type": "markdown",
   "id": "f66033ed",
   "metadata": {},
   "source": [
    "## Solve TSP instance with SA (without QUBO formulation)"
   ]
  },
  {
   "cell_type": "code",
   "execution_count": null,
   "id": "d780ce5c",
   "metadata": {},
   "outputs": [],
   "source": []
  }
 ],
 "metadata": {
  "kernelspec": {
